weaponsAmmo:
  aerialAttack: 1
  banana: 5
  baseballBat: 1
  bazooka: 999
  cluster: 5
  dynamite: 2
  grenade: 999
  holy: 2
  mortar: 5
  teleport: 2
width: 250
height: 250
wormsHealth: 100
worms:
  - position: [8.769230769230774, 119.4615384615385]
  - position: [-38.61538461538461, 120.0769230769231]
  - position: [-53.15384615384616, 147.2307692307692]
  - position: [18, 146.7692307692308]
longGirders:
  - position: [-8.538461538461533, 131.3076923076923]
    angle: 18
  - position: [7.769230769230774, 117.6153846153846]
    angle: -0
  - position: [-38.30769230769231, 117.9230769230769]
    angle: -0
shortGirders:
  - position: [-45.38461538461539, 134.3076923076923]
    angle: -45
  - position: [-39.38461538461539, 129.6153846153846]
    angle: -27
  - position: [-41.46153846153847, 131]
    angle: -36
  - position: [3.615384615384613, 136]
    angle: -0
  - position: [-48.38461538461539, 138.6153846153846]
    angle: -63
  - position: [-1.384615384615387, 132.9230769230769]
    angle: -0
  - position: [-0.7692307692307736, 120]
    angle: -0
  - position: [-22.07692307692308, 122.6153846153846]
    angle: -0
  - position: [-6.92307692307692, 122.4615384615385]
    angle: -0
  - position: [18.23076923076923, 144.8461538461538]
    angle: -0
  - position: [-53, 145.3846153846154]
    angle: -0
  - position: [-36.69230769230769, 128.5384615384615]
    angle: -18
  - position: [8.538461538461547, 138.8461538461538]
    angle: -0
  - position: [-32.15384615384616, 128.2307692307692]
    angle: -0
  - position: [-28.61538461538461, 120.2307692307692]
    angle: -0
  - position: [-14.53846153846153, 124.7692307692308]
    angle: -0
  - position: [13.46153846153845, 142.2307692307692]
    angle: -0
  - position: [-34.69230769230769, 128.3846153846154]
    angle: -9
  - position: [-50.15384615384616, 143.1538461538462]
    angle: -72
background:
  closeBackgroundFile: ""
  midBackgroundFile: ""
  fartherBackgroundFile: ""
  color: [255, 255, 0]